00:00 34.4813 57.9175 5318.0
00:10 34.4813 57.9175 5318.0
00:20 34.4813 57.9175 5318.0
00:30 34.4813 57.9175 5318.0
00:40 34.4813 57.9175 5318.0
00:50 34.4813 57.9175 5318.0
01:00 34.4813 57.9175 5318.0
01:10 34.4813 57.9175 5318.0
01:20 34.4813 57.9175 5318.0
01:30 34.4813 57.9175 5318.0
01:40 34.4813 57.9175 5318.0
01:50 34.4813 57.9175 5318.0
02:00 34.4813 57.9175 5318.0
02:10 34.4813 57.9175 5318.0
02:20 34.4813 57.9175 5318.0
02:30 34.4813 57.9175 5318.0
02:40 34.4813 57.9175 5318.0
02:50 34.4813 57.9175 5318.0
03:00 34.4813 57.9175 5318.0
03:10 34.4813 57.9175 5318.0
03:20 34.4813 57.9175 5318.0
03:30 34.4813 57.9175 5318.0
03:40 34.4813 57.9175 5318.0
03:50 34.4813 57.9175 5318.0
04:00 34.4813 57.9175 5318.0
04:10 34.4813 57.9175 5318.0
04:20 34.4813 57.9175 5318.0
04:30 34.4813 57.9175 5318.0
04:40 34.4813 57.9175 5318.0
04:50 34.4813 57.9175 5318.0
05:00 34.4813 57.9175 5318.0
05:10 34.4813 57.9175 5318.0
05:20 34.4813 57.9175 5318.0
05:30 34.4813 57.9175 5318.0
05:40 34.4813 57.9175 5318.0
05:50 34.4813 57.9175 5318.0
06:00 34.4813 57.9175 5318.0
06:10 34.4813 57.9175 5318.0
06:20 34.4813 57.9175 5318.0
06:30 34.4813 57.9175 5318.0
06:40 34.4813 57.9175 5318.0
06:50 34.4813 57.9175 5318.0
07:00 34.4813 57.9175 5318.0
07:10 34.4813 57.9175 5318.0
07:20 34.4813 57.9175 5318.0
07:30 34.4813 57.9175 5318.0
07:40 34.4813 57.9175 5318.0
07:50 34.4813 57.9175 5318.0
08:00 34.4813 57.9175 5318.0
08:10 34.4813 57.9175 5318.0
08:20 34.4813 57.9175 5318.0
08:30 34.4813 57.9175 5318.0
08:40 34.4813 57.9175 5318.0
08:50 34.4813 57.9175 5318.0
09:00 34.4813 57.9175 5318.0
09:10 34.4813 57.9175 5318.0
09:20 34.4813 57.9175 5318.0
09:30 34.4813 57.9175 5318.0
09:40 34.4813 57.9175 5318.0
09:50 34.4813 57.9175 5318.0
10:00 34.4813 57.9175 5318.0
10:10 34.4813 57.9175 5318.0
10:20 34.4813 57.9175 5318.0
10:30 34.4813 57.9175 5318.0
10:40 34.4813 57.9175 5318.0
10:50 34.4813 57.9175 5318.0
11:00 34.4813 57.9175 5318.0
11:10 34.4813 57.9175 5318.0
11:20 34.4813 57.9175 5318.0
11:30 34.4813 57.9175 5318.0
11:40 34.4813 57.9175 5318.0
11:50 34.4813 57.9175 5318.0
12:00 34.4813 57.9175 5318.0
12:10 34.4813 57.9175 5318.0
12:20 34.4813 57.9175 5318.0
12:30 34.4813 57.9175 5318.0
12:40 34.4813 57.9175 5318.0
12:50 34.4813 57.9175 5318.0
13:00 34.4813 57.9175 5318.0
13:10 34.4813 57.9175 5318.0
13:20 34.4813 57.9175 5318.0
13:30 34.4813 57.9175 5318.0
13:40 34.4813 57.9175 5318.0
13:50 34.4813 57.9175 5318.0
14:00 34.4813 57.9175 5318.0
14:10 34.4813 57.9175 5318.0
14:20 34.4813 57.9175 5318.0
14:30 34.4813 57.9175 5318.0
14:40 34.4813 57.9175 5318.0
14:50 34.4813 57.9175 5318.0
15:00 34.4813 57.9175 5318.0
15:10 34.4813 57.9175 5318.0
15:20 34.4813 57.9175 5318.0
15:30 34.4813 57.9175 5318.0
15:40 34.4813 57.9175 5318.0
15:50 34.4813 57.9175 5318.0
16:00 34.4813 57.9175 5318.0
16:10 34.4813 57.9175 5318.0
16:20 34.4813 57.9175 5318.0
16:30 34.4813 57.9175 5318.0
16:40 34.4813 57.9175 5318.0
16:50 34.4813 57.9175 5318.0
17:00 34.4813 57.9175 5318.0
17:10 34.4813 57.9175 5318.0
17:20 34.4813 57.9175 5318.0
17:30 34.4813 57.9175 5318.0
17:40 34.4813 57.9175 5318.0
17:50 34.4813 57.9175 5318.0
18:00 34.4813 57.9175 5318.0
18:10 34.4813 57.9175 5318.0
18:20 34.4813 57.9175 5318.0
18:30 34.4813 57.9175 5318.0
18:40 34.4813 57.9175 5318.0
18:50 34.4813 57.9175 5318.0
19:00 34.4813 57.9175 5318.0
19:10 34.4813 57.9175 5318.0
19:20 34.4813 57.9175 5318.0
19:30 34.4813 57.9175 5318.0
19:40 34.4813 57.9175 5318.0
19:50 34.4813 57.9175 5318.0
20:00 34.4813 57.9175 5318.0
20:10 34.4813 57.9175 5318.0
20:20 34.4813 57.9175 5318.0
20:30 34.4813 57.9175 5318.0
20:40 34.4813 57.9175 5318.0
20:50 34.4813 57.9175 5318.0
21:00 34.4813 57.9175 5318.0
21:10 34.4813 57.9175 5318.0
21:20 34.4813 57.9175 5318.0
21:30 34.4813 57.9175 5318.0
21:40 34.4813 57.9175 5318.0
21:50 34.4813 57.9175 5318.0
22:00 34.4813 57.9175 5318.0
22:10 34.4813 57.9175 5318.0
22:20 34.4813 57.9175 5318.0
22:30 34.4813 57.9175 5318.0
22:40 34.4813 57.9175 5318.0
22:50 34.4813 57.9175 5318.0
23:00 34.4813 57.9175 5318.0
23:10 34.4813 57.9175 5318.0
23:20 34.4813 57.9175 5318.0
23:30 34.4813 57.9175 5318.0
23:40 34.4813 57.9175 5318.0
23:50 34.4813 57.9175 5318.0
